-234.55836556423787     -228.70437929178928     -227.33520712229188     3
-232.44277659197175     -227.59182405340093     -227.28694439083867     3
-236.0063976794733     -231.25045122036232     -232.01643963220624     2
-236.00639767947584     -231.2504512203663     -232.01643963220965     2
-233.01968383627394     -229.6797850014612     -231.9483040113309     2
-219.1273512387996     -215.29787258762096     -215.94388237899912     2
-233.81168710343826     -228.31171273706403     -227.3181732170732     3
-234.06057992370518     -228.4426015886391     -227.32385118547964     3
-223.23408277319862     -217.45753863861     -216.03756885770233     3
-220.24736892999988     -215.88687241970888     -215.96943323682737     2
____
-289.1654975336272     -232.09523725745677     -178.01884931947734     3
-276.63819628917986     -219.0197942012235     -162.86034113725802     3
-299.91321361145435     -235.96271905606346     -173.61583726146952     3
-290.5797328514586     -231.0543871219973     -173.4029134462358     3
-283.52807365287566     -220.85849880041636     -158.36932056895344     3
-304.7212988002889     -240.27579048090033     -178.37372234486895     3
-279.3760173121125     -220.45957156854965     -162.922798789728     3
-276.84884155778     -230.32105633705802     -187.96239596159532     3
-298.7866211213369     -246.43692547562438     -199.2141102647831     3
-302.2776954039868     -237.20616314602657     -173.6697779613306     3
____
-540.7151640422092     -499.99300193069394     -484.2595123101762     3
-529.3366331315875     -485.4968591419497     -464.91276977393306     3
-510.1970999742601     -468.70390076110743     -450.0371749040964     3
-530.5810972223859     -486.1513033890223     -464.9411596052794     3
-552.9109122226172     -506.4065556448972     -484.53773274947395     3
-533.8958255024583     -489.67904171758147     -469.6649768912633     3
-545.4441276398413     -502.47989012352326     -484.3673937228661     3
-544.0752171053408     -501.7600014162328     -484.3361648732727     3
-542.4210468766811     -498.1715648368226     -478.4910583634206     3
-501.734744084866     -464.25367980721364     -449.8441239779473     3
____
